!01-6-31g
    3  s
     19.2406000              0.0328280        
      2.8992000              0.2312080        
      0.6534000              0.8172380        
    1  s
      0.1776000              1.0000000        
$ END

01-6-31g
    3  s
     18.7311370              0.03349460       
      2.8253937              0.23472695       
      0.6401217              0.81375733       
    1  s
      0.1612778              1.0000000   
$ END


08-6-31g
    6  s
   5484.6717000              0.0018311        
    825.2349500              0.0139501        
    188.0469600              0.0684451        
     52.9645000              0.2327143        
     16.8975700              0.4701930        
      5.7996353              0.3585209        
    3  s
     15.5396160             -0.1107775        
      3.5999336             -0.1480263        
      1.0137618              1.1307670        
    1  s
      0.2700058              1.0000000        
    3  p
     15.5396160              0.0708743        
      3.5999336              0.3397528        
      1.0137618              0.7271586        
    1  p
      0.2700058              1.0000000   
!$ END



!08-6-31g
    5  s
   8897.19445619             0.0019631        
   1365.26538810             0.0147021        
    311.21828724             0.0753808        
     86.33353862             0.2850876        
     27.42841118             0.7128153        
    2  s
      9.74740298             0.7638180        
      3.77109950             0.2663418        
    1  s
      1.04455407             1.0000000        
    1  s
      0.30382295             1.0000000        
    4  p
     34.75998468             0.0199871        
      7.80757529             0.1258380        
      2.29096903             0.3939784        
      0.71677956             0.6260029        
    1  p
      0.21323853             1.0000000        
    1  d
      1.25011953             1.0000000        
$ END


06-6-31g
    5  s
   4949.46032594             0.0019796        
    758.82582124             0.0148496        
    172.62336223             0.0762545        
     47.77742113             0.2872122        
     15.15140603             0.7104557        
    2  s
      5.39400345             0.7530892        
      2.11083628             0.2771972        
    1  s
      0.52460137             1.0000000        
    1  s
      0.15964728             1.0000000        
    4  p
     18.97219923             0.0179023        
      4.18721595             0.1114128        
      1.21388239             0.3744715        
      0.38698643             0.6513515        
    1  p
      0.12406489             1.0000000        
    1  d
      0.61467289             1.0000000        
$ END


16-6-31g
    5  s
  88298.52965731             0.0015640        
  13783.75049251             0.0113393        
   3273.99080251             0.0560386        
    933.93904998             0.2316597        
    294.47682844             0.7741969        
    2  s
      5.19930244             0.5358943        
      2.03425969             0.5030658        
    1  s
    101.30556573             1.0000000        
    1  s
     37.95800089             1.0000000        
    1  s
     15.05040359             1.0000000        
    1  s
      0.3877228              1.0000000        
    1  s
      0.15157298             1.0000000        
    6  p
    759.75242297             0.0015904        
    180.00565026             0.0130592        
     56.73558346             0.0654404        
     20.36270362             0.2174699        
      7.76216777             0.4371852        
      3.02062956             0.4418127        
    1  p
      1.11706212             1.0000000        
    1  p
      0.41415858             1.0000000        
    1  p
      0.12911675             1.0000000        
    1  d
      0.47158905             1.0000000       
$ END
